250,11250,7750,250,250,250,0,0,-0.0168577,-0.271797,0.962207,-0.198185,0.944158,0.263226,-0.98002,-0.186257,-0.0697823
250,11250,8250,250,250,250,0,0,0.0698764,-0.298224,0.951935,-0.14047,0.941817,0.305366,-0.987616,-0.155056,0.0239193
250,11750,7250,250,250,250,0,0,-0.0489903,-0.377411,0.924749,-0.193327,0.911935,0.361939,-0.97991,-0.161048,-0.11764
250,11750,7750,250,250,250,0,0,-0.0256911,-0.356793,0.93383,-0.181489,0.920279,0.346623,-0.983057,-0.160575,-0.0883971
250,11750,8250,250,250,250,0,0,0.0700315,-0.275857,0.958644,-0.113643,0.952541,0.282403,-0.99105,-0.12872,0.0353587
250,11750,8750,250,250,250,0,0,0.140881,-0.346552,0.927391,-0.0488414,0.93316,0.356127,-0.988821,-0.0954668,0.114539
250,12250,6750,250,250,250,0,0,-0.170628,-0.436486,0.883383,-0.194074,0.893856,0.404174,-0.966034,-0.102478,-0.237227
250,12250,7250,250,250,250,0,0,-0.0786477,-0.368417,0.926328,-0.134074,0.924673,0.356375,-0.987846,-0.096168,-0.122118
250,12250,7750,250,250,250,0,0,0.00296248,-0.33192,0.943303,-0.0884276,0.939525,0.330868,-0.996078,-0.0843942,-0.0265676
250,12250,8250,250,250,250,0,0,0.0805295,-0.343576,0.935666,-0.0300291,0.937452,0.346816,-0.9963,-0.0560261,0.0651753
250,12250,8750,250,250,250,0,0,0.116236,-0.331665,0.936209,-0.00691186,0.942305,0.334683,-0.993198,-0.0453733,0.107238
250,12250,9250,250,250,250,0,0,0.162645,-0.360306,0.918546,0.063004,0.932834,0.354755,-0.984671,0.00017286,0.174422
250,12750,6750,250,250,250,0,0,-0.251663,-0.359389,0.898613,-0.140655,0.93222,0.333438,-0.957539,-0.04248,-0.285155
250,12750,7250,250,250,250,0,0,-0.160254,-0.20212,0.966161,-0.0661321,0.97881,0.193797,-0.984858,-0.0328375,-0.170225
250,12750,7750,250,250,250,0,0,0.0228631,-0.258082,0.965852,-0.0151211,0.965905,0.258454,-0.999624,-0.0205138,0.0181811
250,12750,8250,250,250,250,0,0,0.0497855,-0.258558,0.964712,0.0066831,0.965974,0.258551,-0.998738,-0.00642484,0.0498195
250,12750,8750,250,250,250,0,0,0.121495,-0.353451,0.92753,0.056802,0.935396,0.349009,-0.990965,0.0102828,0.133723
250,12750,9250,250,250,250,0,0,0.139134,-0.380072,0.914433,0.103869,0.923922,0.368212,-0.984811,0.0437503,0.168027
250,13250,6750,250,250,250,0,0,-0.191348,-0.339896,0.920791,-0.050201,0.940287,0.33666,-0.980238,0.0181947,-0.196986
250,13250,7250,250,250,250,0,0,-0.135638,-0.305459,0.942495,-0.0336806,0.952158,0.303744,-0.990186,0.00945547,-0.139437
250,13250,7750,250,250,250,0,0,0.0203814,-0.265017,0.964028,0.0426102,0.963583,0.263994,-0.998884,0.0356968,0.0309316
250,13250,8250,250,250,250,0,0,0.0611141,-0.374223,0.925323,0.0923317,0.9252,0.368076,-0.993851,0.062942,0.0910955
250,13250,8750,250,250,250,0,0,0.0930577,-0.380301,0.920169,0.122159,0.921558,0.368521,-0.988138,0.0781133,0.132215
250,13750,6750,250,250,250,0,0,-0.207419,-0.280399,0.937205,-0.0217461,0.959125,0.282145,-0.978011,0.0381415,-0.205038
250,13750,7250,250,250,250,0,0,-0.131563,-0.424355,0.895887,-0.004223,0.903974,0.427566,-0.991299,0.0524687,-0.120722
250,13750,7750,250,250,250,0,0,0.0450022,-0.375119,0.925884,0.0796289,0.925221,0.37098,-0.995808,0.0570322,0.0715073
250,13750,8250,250,250,250,0,0,0.086683,-0.275742,0.957315,0.0972522,0.958685,0.267331,-0.991478,0.069928,0.109918
250,14250,6750,250,250,250,0,0,-0.1914,-0.389176,0.901059,-0.016644,0.919187,0.39347,-0.981371,0.0603128,-0.182409
250,14250,7250,250,250,250,0,0,-0.16216,-0.345044,0.924472,0.0190542,0.935603,0.35254,-0.98658,0.0747831,-0.145143
250,14250,7750,250,250,250,0,0,0.079007,-0.37133,0.925133,0.117771,0.925012,0.361224,-0.989893,0.0804145,0.116814
250,14250,8250,250,250,250,0,0,0.0999479,-0.383977,0.917917,0.123541,0.920187,0.371474,-0.987293,0.0762724,0.139408
250,14750,7250,250,250,250,0,0,-0.0975628,-0.288867,0.952385,0.0399231,0.955044,0.293763,-0.994428,0.0666825,-0.0816444
250,14750,7750,250,250,250,0,0,0.0174572,-0.281934,0.959275,0.113413,0.953787,0.278258,-0.993395,0.103937,0.0486256
250,15250,7250,250,250,250,0,0,-0.0146591,-0.335295,0.941999,0.0810518,0.938602,0.335347,-0.996602,0.0812666,0.0134172
750,9250,8250,250,250,250,0,0,0.0659294,-0.397502,0.91523,-0.36216,0.845146,0.393151,-0.929781,-0.35738,-0.0882392
750,9250,8750,250,250,250,0,0,0.0667931,-0.388801,0.918898,-0.354657,0.85156,0.386088,-0.932608,-0.351681,-0.0810124
750,9250,9250,250,250,250,0,0,0.12709,-0.360214,0.924172,-0.288188,0.878124,0.381897,-0.949103,-0.31487,0.007791
750,9250,9750,250,250,250,0,0,0.21007,-0.309814,0.9273,-0.256345,0.897828,0.358039,-0.943482,-0.312922,0.109187
750,9750,7250,250,250,250,0,0,-0.110332,-0.37267,0.921381,-0.345697,0.883547,0.315972,-0.931837,-0.283657,-0.226314
750,9750,7750,250,250,250,0,0,-0.0872617,-0.307844,0.947427,-0.324192,0.90806,0.265193,-0.941958,-0.284007,-0.179039
750,9750,8250,250,250,250,0,0,-0.00504804,-0.376701,0.926321,-0.302144,0.883612,0.357686,-0.953249,-0.278077,-0.118279
750,9750,8750,250,250,250,0,0,0.00113274,-0.264031,0.964513,-0.264794,0.930007,0.254896,-0.964304,-0.255686,-0.0688604
750,9750,9250,250,250,250,0,0,0.125228,-0.242793,0.961961,-0.227426,0.936751,0.266036,-0.96571,-0.252091,0.0620902
750,9750,9750,250,250,250,0,0,0.210044,-0.253372,0.94429,-0.188209,0.937293,0.293359,-0.959405,-0.239343,0.149186
750,9750,10250,250,250,250,0,0,0.292296,-0.349302,0.890253,-0.136875,0.906044,0.400438,-0.946482,-0.2389,0.217022
750,10250,6750,250,250,250,0,0,-0.149824,-0.393598,0.906991,-0.371707,0.872472,0.317217,-0.91618,-0.289608,-0.277021
750,10250,7250,250,250,250,0,0,-0.147385,-0.259338,0.954474,-0.307881,0.929099,0.204902,-0.93994,-0.263665,-0.21678
750,10250,7750,250,250,250,0,0.171029,-0.0955151,-0.297413,0.949959,-0.282284,0.923239,0.260665,-0.954564,-0.243261,-0.172138
750,10250,8250,250,250,250,0,0.171436,-0.0649233,-0.185257,0.980543,-0.241806,0.956252,0.164658,-0.96815,-0.226411,-0.106879
750,10250,8750,250,250,250,0,0.212994,-0.0114747,-0.0625446,0.997976,-0.201406,0.977732,0.0589601,-0.979441,-0.200322,-0.0238161
750,10250,9250,250,250,250,0,0.171851,0.171621,-0.348262,0.921553,-0.126913,0.919822,0.371243,-0.976954,-0.18067,0.113661
750,10250,9750,250,250,250,0,0.174553,0.149801,-0.219101,0.964134,-0.15157,0.958522,0.241375,-0.977029,-0.182292,0.110378
750,10250,10250,250,250,250,0,0,0.256493,-0.264014,0.929789,-0.135136,0.942727,0.304966,-0.957053,-0.20387,0.206125
750,10250,10750,250,250,250,0,0,0.256532,-0.266378,0.929104,-0.155579,0.937357,0.311701,-0.953932,-0.22451,0.199019
750,10750,6250,250,250,250,0,0,-0.195744,-0.433173,0.879799,-0.391259,0.857152,0.334973,-0.899222,-0.278661,-0.337265
750,10750,6750,250,250,250,0,0.131148,-0.148378,-0.3968,0.905833,-0.351539,0.87731,0.326722,-0.92434,-0.269957,-0.269664
750,10750,7250,250,250,250,0,0.142016,-0.146481,-0.255108,0.955753,-0.295629,0.933309,0.203809,-0.944006,-0.252695,-0.212129
750,10750,7750,250,250,250,0,0.168254,-0.113387,-0.18879,0.975449,-0.262399,0.952613,0.153869,-0.958275,-0.23851,-0.157552
750,10750,8250,250,250,250,0,0.210399,-0.0780365,-0.0873579,0.993116,-0.210433,0.975153,0.0692426,-0.974489,-0.203581,-0.0944805
750,10750,8750,250,250,250,0,0.207137,0.0755811,-0.230718,0.970081,-0.135061,0.961529,0.239207,-0.98795,-0.149099,0.0415126
750,10750,9250,250,250,250,0,0.17474,0.104651,-0.198702,0.974457,-0.111046,0.971375,0.21,-0.98829,-0.130187,0.0795897
750,10750,9750,250,250,250,0,0.170806,0.13616,-0.209334,0.968318,-0.120631,0.966644,0.225935,-0.983315,-0.147572,0.106366
750,10750,10250,250,250,250,0,0.209998,0.203,-0.289757,0.935324,-0.0864068,0.946186,0.311876,-0.975359,-0.144129,0.167039
750,10750,10750,250,250,250,0,0,0.254118,-0.273058,0.927827,-0.0675329,0.951968,0.298659,-0.964813,-0.138553,0.223472
750,10750,11250,250,250,250,0,0,0.30648,-0.374154,0.875259,-0.0447482,0.912829,0.405883,-0.950825,-0.163562,0.263021
750,11250,6250,250,250,250,0,0,-0.300258,-0.336401,0.892569,-0.337109,0.912783,0.230617,-0.892302,-0.231648,-0.387474
750,11250,6750,250,250,250,0,0.152745,-0.220121,-0.22958,0.948072,-0.279082,0.946106,0.164307,-0.934698,-0.228422,-0.272329
750,11250,7250,250,250,250,0,0.208053,-0.159835,-0.238171,0.957981,-0.27475,0.942844,0.188567,-0.948138,-0.233065,-0.216137
750,11250,7750,250,250,250,0,0.14799,-0.0649065,-0.199151,0.977817,-0.225154,0.957538,0.180075,-0.972159,-0.208472,-0.10699
750,11250,8250,250,250,250,0,0.202373,-0.0381777,-0.0745008,0.99649,-0.175429,0.982229,0.0667136,-0.983752,-0.172266,-0.0505688
750,11250,8750,250,250,250,0,0.226133,0.0868271,-0.151504,0.984636,-0.107913,0.981122,0.160479,-0.990362,-0.120188,0.0688389
750,11250,9250,250,250,250,0,0.22933,0.0751795,-0.253429,0.964428,-0.0988665,0.960506,0.260105,-0.992257,-0.114904,0.0471548
750,11250,9750,250,250,250,0,0.218013,0.132183,-0.164981,0.977399,-0.071187,0.981925,0.175372,-0.988666,-0.0927593,0.118049
750,11250,10250,250,250,250,0,0.201517,0.183371,-0.279491,0.942475,-0.0245346,0.957132,0.288611,-0.982738,-0.0760461,0.168653
750,11250,10750,250,250,250,0,0,0.249457,-0.29693,0.92174,0.0132477,0.952788,0.303347,-0.968295,-0.0634611,0.241613
750,11250,11250,250,250,250,0,0,0.233518,-0.290007,0.928098,-0.00278319,0.954284,0.298889,-0.972349,-0.0723791,0.222035
750,11750,5750,250,250,250,0,0,-0.377704,-0.439542,0.814949,-0.353138,0.882001,0.312038,-0.85594,-0.169932,-0.488354
750,11750,6250,250,250,250,0,0.110928,-0.309397,-0.311861,0.898341,-0.278742,0.93294,0.227871,-0.909163,-0.179903,-0.375577
750,11750,6750,250,250,250,0,0.139829,-0.219184,-0.218911,0.950808,-0.203473,0.963334,0.17489,-0.954231,-0.155131,-0.25569
750,11750,7250,250,250,250,0,0.14817,-0.17966,-0.139255,0.973823,-0.19594,0.97516,0.103297,-0.964018,-0.172252,-0.202483
750,11750,7750,250,250,250,0,0.151271,-0.113648,-0.0476202,0.992379,-0.148852,0.988393,0.0303823,-0.982307,-0.144265,-0.119417
750,11750,8250,250,250,250,0,0.163161,0.0262002,-0.0752061,0.996824,-0.123159,0.989327,0.0778775,-0.992041,-0.124808,0.0166583
750,11750,8750,250,250,250,0,0.225186,0.0319763,0.00339942,0.999483,-0.109309,0.994008,0.000116298,-0.993493,-0.109256,0.0321563
750,11750,9250,250,250,250,0,0.215847,0.0828311,-0.131272,0.98788,-0.0843047,0.98681,0.138198,-0.992991,-0.09473,0.0706717
750,11750,9750,250,250,250,0,0.222629,0.144341,-0.137779,0.979889,-0.021482,0.989589,0.142307,-0.989295,-0.0415907,0.139878
750,11750,10250,250,250,250,0,0.198057,0.182781,-0.163356,0.969488,0.00136241,0.986141,0.165905,-0.983153,-0.0290034,0.18047
750,11750,10750,250,250,250,0,0,0.222487,-0.280826,0.933615,0.0465855,0.959585,0.277536,-0.973822,-0.0182551,0.226577
750,11750,11250,250,250,250,0,0,0.222927,-0.303494,0.926388,0.0451007,0.952496,0.301194,-0.973791,-0.0253634,0.226025
750,12250,5750,250,250,250,0,0,-0.37449,-0.406225,0.83351,-0.275811,0.907037,0.31814,-0.88526,-0.110751,-0.451718
750,12250,6250,250,250,250,0,0.115618,-0.313414,-0.233512,0.920459,-0.166048,0.967838,0.188993,-0.934987,-0.0936069,-0.342108
750,12250,6750,250,250,250,0,0.120558,-0.276588,-0.136518,0.951242,-0.129669,0.986107,0.103819,-0.9522,-0.0946312,-0.290448
750,12250,7250,250,250,250,0,0.187856,-0.182235,-0.0373941,0.982544,-0.125432,0.991996,0.0144897,-0.975222,-0.120602,-0.185467
750,12250,7750,250,250,250,0,0.199149,-0.0519146,-0.0475655,0.997518,-0.0930058,0.994754,0.0425934,-0.994311,-0.0905638,-0.0560661
750,12250,8250,250,250,250,0,0.200345,-0.0696076,0.105231,0.992009,-0.075837,0.990985,-0.110444,-0.994688,-0.0829187,-0.0609996
750,12250,8750,250,250,250,0,0.210321,0.0644531,0.0809578,0.994631,-0.0617626,0.995117,-0.076995,-0.996008,-0.0564685,0.0691385
750,12250,9250,250,250,250,0,0.173801,0.10934,-0.0213844,0.993774,-0.0458905,0.998594,0.0265372,-0.992944,-0.0485063,0.108205
750,12250,9750,250,250,250,0,0.176534,0.166823,-0.169809,0.971254,0.0164597,0.9854,0.169455,-0.985849,-0.0122826,0.167183
750,12250,10250,250,250,250,0,0.215327,0.212936,-0.160989,0.963712,0.0391959,0.986946,0.156209,-0.97628,0.00451108,0.216466
750,12250,10750,250,250,250,0,0,0.214084,-0.263712,0.940545,0.0765299,0.964437,0.252992,-0.973813,0.0178184,0.226652
750,12250,11250,250,250,250,0,0,0.169114,-0.386381,0.906703,0.0912464,0.922141,0.37594,-0.981364,0.0191568,0.191202
750,12750,5750,250,250,250,0,0,-0.353142,-0.4005,0.845512,-0.221368,0.913847,0.340411,-0.909003,-0.0669557,-0.411376
750,12750,6250,250,250,250,0,0.193596,-0.306291,-0.292455,0.905901,-0.136809,0.955283,0.262141,-0.942056,-0.0436438,-0.332605
750,12750,6750,250,250,250,0,0.114001,-0.264554,-0.157822,0.951369,-0.0931786,0.986086,0.13767,-0.959859,-0.0522262,-0.275578
750,12750,7250,250,250,250,0,0.184695,-0.158637,-0.0436674,0.986371,-0.0472545,0.998212,0.0365917,-0.986205,-0.0408056,-0.160417
750,12750,7750,250,250,250,0,0.206078,-0.0825442,0.0632132,0.994581,-0.0328658,0.997271,-0.0661119,-0.996045,-0.0381449,-0.0802414
750,12750,8250,250,250,250,0,0.203884,-0.0163657,0.0718978,0.997278,-0.0312406,0.996888,-0.0723824,-0.999378,-0.0323401,-0.0140687
750,12750,8750,250,250,250,0,0.219552,0.101836,-0.0226337,0.994544,0.0120468,0.999696,0.0215174,-0.994728,0.00978981,0.102078
750,12750,9250,250,250,250,0,0.174599,0.152372,-0.138427,0.978581,0.0301297,0.990333,0.135398,-0.987864,0.00885339,0.15507
750,12750,9750,250,250,250,0,0.179765,0.15217,-0.136685,0.978857,0.0514212,0.990145,0.130268,-0.987016,0.0305111,0.157699
750,12750,10250,250,250,250,0,0.220611,0.225958,-0.367612,0.902111,0.120822,0.929487,0.348504,-0.966615,0.0302479,0.25444
750,12750,10750,250,250,250,0,0,0.195604,-0.372446,0.907206,0.113692,0.927451,0.356244,-0.97407,0.0334596,0.223758
750,12750,11250,250,250,250,0,0,0.209081,-0.365639,0.906969,0.131105,0.929576,0.344529,-0.96907,0.0468738,0.242294
750,13250,5750,250,250,250,0,0,-0.43339,-0.433672,0.790001,-0.191019,0.900891,0.389753,-0.88073,0.0180104,-0.473277
750,13250,6250,250,250,250,0,0.147891,-0.343353,-0.287842,0.894011,-0.113823,0.957616,0.264606,-0.932284,-0.0109061,-0.361563
750,13250,6750,250,250,250,0,0.142563,-0.250171,-0.144791,0.957314,-0.035612,0.989462,0.140347,-0.967547,0.00101891,-0.252691
750,13250,7250,250,250,250,0,0.191418,-0.136764,-0.035958,0.989951,0.00485976,0.999305,0.0369692,-0.990592,0.00986698,-0.136494
750,13250,7750,250,250,250,0,0.206214,-0.0319315,-0.0844968,0.995912,0.016136,0.996247,0.0850426,-0.99936,0.0187856,-0.0304482
750,13250,8250,250,250,250,0,0.168225,0.0356208,-0.0304985,0.9989,0.0243774,0.999263,0.0296403,-0.999068,0.0232947,0.036338
750,13250,8750,250,250,250,0,0.174298,0.0795906,-0.0780169,0.99377,0.045971,0.996159,0.0745227,-0.995767,0.0397533,0.0828714
750,13250,9250,250,250,250,0,0.183561,0.123733,-0.0639424,0.990253,0.0513674,0.996997,0.0579594,-0.990985,0.0436952,0.126646
750,13250,9750,250,250,250,0,0.227365,0.147341,-0.102639,0.983746,0.0577757,0.993796,0.0950344,-0.987397,0.0428342,0.152357
750,13250,10250,250,250,250,0,0.238883,0.211405,-0.0888164,0.973355,0.0585968,0.995223,0.0780851,-0.975641,0.0405279,0.215599
750,13250,10750,250,250,250,0,0,0.212193,-0.392995,0.894723,0.136121,0.918533,0.37117,-0.967701,0.0430311,0.248401
750,13250,11250,250,250,250,0,0,0.228627,-0.373315,0.899091,0.144034,0.92636,0.348011,-0.9628,0.0499352,0.265561
750,13750,5750,250,250,250,0,0,-0.45299,-0.252605,0.85498,-0.0737734,0.96635,0.246423,-0.888458,0.0485524,-0.456382
750,13750,6250,250,250,250,0,0.170473,-0.415591,-0.347072,0.840729,-0.100694,0.936208,0.336712,-0.903961,0.0552785,-0.424027
750,13750,6750,250,250,250,0,0.155572,-0.271536,-0.0597667,0.960571,0.0155277,0.997668,0.0664643,-0.962303,0.0329629,-0.269975
750,13750,7250,250,250,250,0,0.28716,-0.168076,-0.129778,0.977194,0.0100402,0.991019,0.133341,-0.985723,0.0322226,-0.165264
750,13750,7750,250,250,250,0,0.211305,-0.0122148,0.0102798,0.999873,0.0377668,0.999238,-0.00981192,-0.999212,0.0376422,-0.0125937
750,13750,8250,250,250,250,0,0.239954,0.0648561,-0.0971378,0.993156,0.0645457,0.993575,0.0929638,-0.995805,0.0580746,0.0707093
750,13750,8750,250,250,250,0,0.182571,0.0751353,-0.129725,0.988699,0.0801074,0.989083,0.123687,-0.99395,0.0699088,0.084707
750,13750,9250,250,250,250,0,0.22549,0.11817,-0.203137,0.971994,0.104135,0.97599,0.191312,-0.987518,0.0786111,0.136486
750,13750,9750,250,250,250,0,0.234943,0.149864,-0.396687,0.905638,0.146338,0.914793,0.376481,-0.977817,0.0761087,0.195145
750,13750,10250,250,250,250,0,0,0.1906,-0.0981891,0.976745,0.0591739,0.994325,0.0884093,-0.979883,0.040947,0.195329
750,13750,10750,250,250,250,0,0,0.194187,-0.414085,0.889283,0.116583,0.909857,0.398207,-0.974012,0.0263484,0.224958
750,14250,5750,250,250,250,0,0,-0.516091,-0.428299,0.741761,-0.175009,0.900463,0.39817,-0.838464,0.075677,-0.539677
750,14250,6250,250,250,250,0,0.177521,-0.409959,-0.320666,0.853878,-0.0885111,0.94573,0.312665,-0.907799,0.0526022,-0.416093
750,14250,6750,250,250,250,0,0.20811,-0.252193,-0.211672,0.944242,-0.00291719,0.975944,0.218,-0.967673,0.0522234,-0.246743
750,14250,7250,250,250,250,0,0.253024,-0.154774,-0.0955652,0.983317,0.0361121,0.994098,0.102297,-0.98729,0.0513426,-0.15041
750,14250,7750,250,250,250,0,0.145979,-0.0387108,-0.0067121,0.999228,0.0568739,0.998342,0.00890948,-0.997631,0.0571749,-0.0382649
750,14250,8250,250,250,250,0,0.215869,0.0695302,-0.171028,0.98281,0.0811964,0.982896,0.165298,-0.99427,0.0683074,0.0822278
750,14250,8750,250,250,250,0,0.231141,0.0836698,-0.17716,0.980619,0.0927328,0.981184,0.16935,-0.992169,0.0767661,0.098524
750,14250,9250,250,250,250,0,0.24105,0.136764,-0.29666,0.945139,0.127724,0.951421,0.280149,-0.982335,0.0824029,0.168011
750,14250,9750,250,250,250,0,0,0.113575,-0.202396,0.972695,0.0858141,0.97737,0.193349,-0.989817,0.0615114,0.128373
750,14250,10250,250,250,250,0,0,0.128815,-0.416268,0.900071,0.103915,0.908302,0.405203,-0.986209,0.0413346,0.160259
750,14250,10750,250,250,250,0,0,0.167937,-0.408748,0.897063,0.10724,0.912162,0.395551,-0.979947,0.0297739,0.19702
750,14750,5750,250,250,250,0,0,-0.533085,-0.414402,0.737626,-0.198213,0.908742,0.367287,-0.822516,0.049588,-0.566576
750,14750,6250,250,250,250,0,0.188275,-0.420581,-0.128541,0.898103,-0.0346721,0.991466,0.125667,-0.906592,0.0217139,-0.421449
750,14750,6750,250,250,250,0,0.208914,-0.30057,-0.204321,0.931617,-0.0331733,0.978433,0.203885,-0.953183,0.030377,-0.300866
750,14750,7250,250,250,250,0,0.192067,-0.11257,-0.108919,0.987656,0.0499067,0.9921,0.115097,-0.99239,0.0622472,-0.106245
750,14750,7750,250,250,250,0,0.195278,-0.00665296,0.0236059,0.999699,0.0803437,0.996502,-0.0229957,-0.996745,0.0801665,-0.00852627
750,14750,8250,250,250,250,0,0.220701,0.0813275,-0.209149,0.974496,0.124649,0.972193,0.198252,-0.988862,0.105346,0.105136
750,14750,8750,250,250,250,0,0.208036,0.0877019,-0.203387,0.975163,0.108194,0.975088,0.193641,-0.990254,0.0885241,0.107522
750,14750,9250,250,250,250,0,0.21842,0.116222,-0.108511,0.987278,0.0878007,0.991245,0.0986108,-0.989335,0.0752229,0.124732
750,14750,9750,250,250,250,0,0.227706,0.095413,-0.304511,0.947718,0.106638,0.94971,0.294415,-0.989709,0.0729714,0.123087
750,14750,10250,250,250,250,0,0,0.0885671,-0.395656,0.914118,0.10478,0.916334,0.386463,-0.990544,0.0615534,0.122614
750,14750,10750,250,250,250,0,0,0.148336,-0.404446,0.902452,0.131282,0.912524,0.387381,-0.980184,0.0610136,0.188457
750,14750,11250,250,250,250,0,0,0.200557,-0.406672,0.891288,0.138409,0.912409,0.385165,-0.969856,0.0461148,0.239277
750,15250,5750,250,250,250,0,0,-0.555299,-0.38624,0.73652,-0.244205,0.922299,0.299547,-0.794989,-0.0135233,-0.606473
750,15250,6250,250,250,250,0,0.17119,-0.458854,-0.277969,0.843911,-0.136077,0.960583,0.242411,-0.87803,-0.00360582,-0.478592
750,15250,6750,250,250,250,0,0.202601,-0.24831,-0.26213,0.932539,-0.048688,0.964851,0.258248,-0.967456,0.0187222,-0.252345
750,15250,7250,250,250,250,0,0.192067,-0.0320764,-0.170015,0.984919,0.0682844,0.982751,0.171864,-0.99715,0.0727674,-0.0199138
750,15250,7750,250,250,250,0,0.207698,0.0228441,-0.186837,0.982125,0.116212,0.976218,0.183011,-0.992962,0.109955,0.0440136
750,15250,8250,250,250,250,0,0.221092,0.060843,-0.298018,0.952619,0.156128,0.945481,0.285813,-0.985861,0.131341,0.104055
750,15250,8750,250,250,250,0,0.21234,0.0249377,-0.405189,0.913893,0.142474,0.906286,0.397929,-0.989484,0.120283,0.0803297
750,15250,9250,250,250,250,0,0.211712,0.059792,-0.300885,0.951784,0.132353,0.947461,0.291204,-0.989398,0.108559,0.0964735
750,15250,9750,250,250,250,0,0,0.0933334,-0.289222,0.952701,0.137217,0.951484,0.275409,-0.986134,0.105022,0.128491
750,15250,10250,250,250,250,0,0,0.118636,-0.378079,0.918141,0.160389,0.919825,0.358048,-0.979898,0.104783,0.169764
750,15250,10750,250,250,250,0,0,0.135512,-0.377911,0.915871,0.179415,0.918475,0.352439,-0.974396,0.116562,0.192267
750,15750,5750,250,250,250,0,0,-0.455939,-0.341916,0.821714,-0.194455,0.939226,0.282918,-0.868509,-0.0307931,-0.494717
750,15750,6250,250,250,250,0,0.0971469,-0.375168,-0.22672,0.898803,-0.0845485,0.973955,0.210386,-0.923093,0.00293766,-0.384566
750,15750,6750,250,250,250,0,0.190713,-0.256461,-0.215703,0.942178,-0.0175371,0.975658,0.218594,-0.966396,0.0395377,-0.254001
750,15750,7250,250,250,250,0,0.203316,0.0431944,-0.318866,0.946815,0.118246,0.94267,0.312076,-0.992044,0.0984767,0.0784226
750,15750,7750,250,250,250,0,0.237923,0.05325,-0.281399,0.958112,0.125648,0.953736,0.27313,-0.990645,0.105841,0.0861437
750,15750,8250,250,250,250,0,0.229066,0.0409771,-0.314699,0.948307,0.132299,0.942456,0.307041,-0.990363,0.112878,0.0802533
750,15750,8750,250,250,250,0,0.229809,0.0535667,-0.298825,0.952803,0.11194,0.949956,0.291639,-0.99227,0.0910349,0.0843366
750,15750,9250,250,250,250,0,0,0.0366997,-0.361596,0.931612,0.140945,0.924794,0.353398,-0.989337,0.118337,0.0849049
750,15750,9750,250,250,250,0,0,0.0800084,-0.371436,0.925005,0.172744,0.919105,0.354125,-0.981712,0.131456,0.137699
750,15750,10250,250,250,250,0,0,0.149665,-0.369083,0.917267,0.183557,0.92196,0.341022,-0.971549,0.117332,0.205733
750,16250,5750,250,250,250,0,0.00112245,-0.394955,-0.37042,0.840714,-0.163545,0.928844,0.332419,-0.904026,-0.00620389,-0.427432
750,16250,6250,250,250,250,0,0.101447,-0.272718,-0.315161,0.90901,-0.0614646,0.948601,0.310447,-0.960129,0.0287927,-0.278072
750,16250,6750,250,250,250,0,0.114576,-0.143891,-0.138336,0.979877,0.0261831,0.989302,0.143512,-0.989247,0.0463063,-0.138729
750,16250,7250,250,250,250,0,0.116528,-0.0275274,-0.124709,0.991811,0.0423976,0.991149,0.125802,-0.998722,0.0455135,-0.0219964
750,16250,7750,250,250,250,0,0.14056,0.0587065,-0.254629,0.965255,0.104302,0.963195,0.247742,-0.992811,0.0861341,0.0831041
750,16250,8250,250,250,250,0,0.159703,0.0431615,-0.267777,0.962514,0.0596194,0.962385,0.265068,-0.997288,0.0459438,0.0575027
750,16250,8750,250,250,250,0,0,0.0809551,-0.244923,0.966157,0.0611213,0.968734,0.240455,-0.994842,0.0395868,0.093394
750,16250,9250,250,250,250,0,0,0.0902496,-0.266262,0.959666,0.124411,0.959065,0.254395,-0.988118,0.0964336,0.119681
750,16250,9750,250,250,250,0,0,0.134876,-0.276187,0.951593,0.15316,0.954637,0.255362,-0.978954,0.111304,0.171058
1250,8250,7750,250,250,250,0,0,-0.0512948,-0.288928,0.955976,-0.441726,0.865074,0.237752,-0.895683,-0.410084,-0.172001
1250,8250,8250,250,250,250,0,0,0.134276,-0.354513,0.92536,-0.407182,0.831602,0.377678,-0.903423,-0.427503,-0.0326871
1250,8250,8750,250,250,250,0,0,0.139262,-0.353964,0.924833,-0.405946,0.831446,0.37935,-0.903224,-0.428261,-0.0279016
1250,8250,9250,250,250,250,0,0,0.0604889,-0.0953377,0.993605,-0.425405,0.898038,0.112066,-0.902979,-0.429464,0.0137641
1250,8250,9750,250,250,250,0,0,0.267245,-0.342226,0.900812,-0.354801,0.834196,0.422177,-0.895933,-0.432433,0.101513
1250,8750,7250,250,250,250,0,0,-0.119716,-0.29611,0.947622,-0.40972,0.884151,0.224516,-0.904322,-0.361381,-0.227169
1250,8750,7750,250,250,250,0,0,-0.0355155,-0.295145,0.954792,-0.40099,0.879323,0.2569,-0.915394,-0.373738,-0.14958
1250,8750,8250,250,250,250,0,0.182748,-0.0202046,-0.130717,0.991214,-0.396822,0.91103,0.112054,-0.917673,-0.391072,-0.0702784
1250,8750,8750,250,250,250,0,0.187785,0.000115662,-0.12432,0.992242,-0.399337,0.909686,0.114023,-0.916804,-0.396252,-0.0495404
1250,8750,9250,250,250,250,0,0.207726,0.167452,-0.264717,0.949676,-0.379417,0.871781,0.309905,-0.909946,-0.412218,0.0455428
1250,8750,9750,250,250,250,0,0.210152,0.28453,-0.300524,0.910345,-0.329077,0.861278,0.38718,-0.900417,-0.409738,0.146164
1250,8750,10250,250,250,250,0,0.181053,0.331042,-0.309748,0.891329,-0.288579,0.866099,0.40816,-0.898406,-0.392337,0.197329
1250,8750,10750,250,250,250,0,0,0.281895,-0.258308,0.92402,-0.32355,0.88107,0.345008,-0.903245,-0.396222,0.164794
1250,9250,6750,250,250,250,0,0,-0.252555,-0.320056,0.913116,-0.404701,0.892137,0.200768,-0.878881,-0.318834,-0.354841
1250,9250,7250,250,250,250,0,0.205247,-0.116623,-0.389898,0.913443,-0.414226,0.855003,0.312067,-0.902671,-0.341978,-0.261219
1250,9250,7750,250,250,250,0,0.216674,-0.0145832,-0.370725,0.928628,-0.361768,0.867765,0.340747,-0.932154,-0.330979,-0.146771
1250,9250,8250,250,250,250,0,0.173395,-0.120971,-0.0165756,0.992518,-0.312325,0.949716,-0.0222064,-0.942242,-0.312674,-0.120065
1250,9250,8750,250,250,250,0,0.177217,-0.0279887,-0.0413665,0.998752,-0.34426,0.93842,0.0292202,-0.938457,-0.343012,-0.040506
1250,9250,9250,250,250,250,0,0.222678,0.0412487,-0.094811,0.99464,-0.341609,0.934158,0.103212,-0.938936,-0.344036,0.00614446
1250,9250,9750,250,250,250,0,0.197244,0.11527,-0.000122382,0.993334,-0.316273,0.947953,0.0368183,-0.941639,-0.318409,0.109232
1250,9250,10250,250,250,250,0,0.214923,0.213619,-0.0494399,0.975665,-0.313975,0.942258,0.116491,-0.925087,-0.331219,0.185761
1250,9250,10750,250,250,250,0,0.218469,0.292828,-0.151038,0.944161,-0.278718,0.931079,0.235389,-0.914641,-0.332083,0.230549
1250,9250,11250,250,250,250,0,0,0.342515,-0.245248,0.906938,-0.211671,0.920366,0.328819,-0.915357,-0.304598,0.263327
1250,9750,6250,250,250,250,0,0,-0.328432,-0.321868,0.887994,-0.402353,0.898256,0.176773,-0.854544,-0.299229,-0.424521
1250,9750,6750,250,250,250,0,0.202912,-0.238944,-0.296465,0.92467,-0.367094,0.909163,0.196633,-0.898971,-0.292456,-0.326069
1250,9750,7250,250,250,250,0,0.206659,-0.173367,-0.283049,0.943307,-0.337492,0.916891,0.213096,-0.925226,-0.281415,-0.254485
1250,9750,7750,250,250,250,0,0.208674,-0.194422,-0.0664111,0.978667,-0.283111,0.959047,0.00883677,-0.939174,-0.275353,-0.205262
1250,9750,8250,250,250,250,0,0.361393,-0.093836,-0.10194,0.990355,-0.294896,0.952951,0.0701481,-0.950911,-0.285469,-0.119483
1250,9750,8750,250,250,250,0,0.209801,-0.107103,0.0894901,0.990212,-0.2488,0.961842,-0.113837,-0.962615,-0.258557,-0.0807514
1250,9750,9250,250,250,250,0,0.206952,0.0495724,-0.00103781,0.99877,-0.262393,0.964859,0.014026,-0.963687,-0.262766,0.047558
1250,9750,9750,250,250,250,0,0.207131,0.155581,-0.0674988,0.985514,-0.231733,0.967329,0.102836,-0.960257,-0.244376,0.134856
1250,9750,10250,250,250,250,0,0.210803,0.188268,0.0169895,0.981971,-0.232187,0.972277,0.027694,-0.954277,-0.233215,0.186993
1250,9750,10750,250,250,250,0,0.209317,0.270594,-0.276811,0.922038,-0.180191,0.926279,0.330965,-0.94568,-0.2557,0.200766
1250,9750,11250,250,250,250,0,0,0.322449,-0.1777,0.929758,-0.211104,0.943984,0.253633,-0.922747,-0.278059,0.266873
1250,9750,11750,250,250,250,0,0.143069,0.395661,-0.327267,0.858108,-0.11456,0.909469,0.399678,-0.911224,-0.256442,0.322349
1250,10250,5750,250,250,250,0,0,-0.311381,-0.44585,0.839202,-0.467506,0.840717,0.27319,-0.827333,-0.307266,-0.47022
1250,10250,6250,250,250,250,0,0.138224,-0.292793,-0.338193,0.89437,-0.413063,0.888317,0.200678,-0.862352,-0.310674,-0.399788
1250,10250,6750,250,250,250,0,0.206523,-0.239633,-0.236376,0.941649,-0.339199,0.92917,0.146924,-0.909681,-0.284199,-0.302838
1250,10250,7250,250,250,250,0,0.169235,-0.254621,-0.0196219,0.966842,-0.253725,0.966124,-0.0472118,-0.933162,-0.257333,-0.250973
1250,10250,7750,250,250,250,0,0.350644,-0.198172,-0.0182122,0.979998,-0.248855,0.968001,-0.0323334,-0.94805,-0.250285,-0.196363
1250,10250,8250,250,250,250,0,0.350644,-0.14214,0.0770107,0.986846,-0.208029,0.972379,-0.105845,-0.96774,-0.220338,-0.122193
1250,10250,8750,250,250,250,0,0.215434,-0.0706737,0.140314,0.987581,-0.210275,0.965714,-0.152255,-0.975084,-0.218424,-0.0387459
1250,10250,9250,250,250,250,0,0.397306,0.0354958,0.0742217,0.99661,-0.206154,0.976334,-0.0653692,-0.977875,-0.203135,0.0499569
1250,10250,9750,250,250,250,0,0.211416,0.0960439,0.0748486,0.992559,-0.197233,0.978828,-0.0547281,-0.975641,-0.190509,0.108773
1250,10250,10250,250,250,250,0,0.221996,0.150865,0.0944019,0.984037,-0.205933,0.976593,-0.0621156,-0.966867,-0.193275,0.166775
1250,10250,10750,250,250,250,0,0.210853,0.1992,-0.000307028,0.979959,-0.203476,0.978193,0.0416677,-0.958602,-0.207698,0.194793
1250,10250,11250,250,250,250,0,0.22714,0.298405,-0.186674,0.936006,-0.164502,0.955952,0.243096,-0.940156,-0.226516,0.254552
1250,10250,11750,250,250,250,0,0.221571,0.377984,-0.260103,0.888524,-0.101068,0.942395,0.318868,-0.920279,-0.210328,0.329922
1250,10250,12250,250,250,250,0,0,0.395295,-0.362968,0.843799,-0.0927889,0.898138,0.429811,-0.913856,-0.248197,0.32135
1250,10750,5250,250,250,250,0,0,-0.416536,-0.412766,0.810013,-0.442697,0.870306,0.21584,-0.794051,-0.268685,-0.545244
1250,10750,5750,250,250,250,0,0,-0.366012,-0.343312,0.864969,-0.384443,0.902227,0.195423,-0.84749,-0.261004,-0.46221
1250,10750,6250,250,250,250,0,0.128289,-0.376832,-0.0460328,0.925137,-0.253323,0.96581,-0.0551284,-0.890969,-0.255133,-0.375609
1250,10750,6750,250,250,250,0,0.263625,-0.243631,-0.104517,0.96422,-0.277195,0.960211,0.0340429,-0.929412,-0.258983,-0.262908
1250,10750,7250,250,250,250,0,0.313395,-0.231626,-0.0267941,0.972436,-0.247635,0.968315,-0.0323039,-0.940758,-0.248292,-0.230922
1250,10750,7750,250,250,250,0,0.404142,-0.141799,-0.0202492,0.989688,-0.216421,0.976238,-0.0110342,-0.965948,-0.215754,-0.142812
1250,10750,8250,250,250,250,0,0.397578,-0.0780365,-0.0873579,0.993116,-0.210433,0.975153,0.0692426,-0.974489,-0.203581,-0.0944805
1250,10750,8750,250,250,250,0,0.396204,-0.0352694,0.15129,0.98786,-0.16925,0.973292,-0.155102,-0.984942,-0.172665,-0.00872162
1250,10750,9250,250,250,250,0,0.354277,0.0204955,0.101098,0.994665,-0.16678,0.98128,-0.0963013,-0.985781,-0.163916,0.0369729
1250,10750,9750,250,250,250,0,0.404861,0.0751885,0.0140006,0.997071,-0.147589,0.989045,-0.00275838,-0.986187,-0.146949,0.0764312
1250,10750,10250,250,250,250,0,0.209998,0.163227,-0.00344279,0.986583,-0.139799,0.989823,0.0265833,-0.976634,-0.142262,0.161084
1250,10750,10750,250,250,250,0,0.216201,0.204931,0.15426,0.966544,-0.168942,0.978256,-0.120309,-0.964086,-0.138635,0.226536
1250,10750,11250,250,250,250,0,0.221965,0.240883,-0.0112457,0.970489,-0.1232,0.99149,0.0420682,-0.962703,-0.129697,0.237448
1250,10750,11750,250,250,250,0,0.221167,0.324239,-0.0973638,0.940951,-0.1037,0.985036,0.137659,-0.940274,-0.142211,0.309291
1250,10750,12250,250,250,250,0,0,0.356294,-0.400107,0.844375,-0.00559999,0.902749,0.430131,-0.934357,-0.157982,0.319403
1250,10750,12750,250,250,250,0,0,0.39592,-0.404795,0.82425,0.00943296,0.899343,0.437143,-0.918237,-0.165298,0.359886
1250,11250,5250,250,250,250,0,0,-0.379249,-0.426891,0.820935,-0.409679,0.872983,0.264696,-0.829659,-0.235934,-0.505966
1250,11250,5750,250,250,250,0,0.185281,-0.457525,-0.16227,0.874265,-0.277922,0.960045,0.0327481,-0.844648,-0.227994,-0.484343
1250,11250,6250,250,250,250,0,0.177521,-0.388919,-0.0524808,0.919776,-0.22772,0.972872,-0.0407787,-0.892685,-0.225311,-0.39032
1250,11250,6750,250,250,250,0,0.284014,-0.316081,-0.0637936,0.946585,-0.246478,0.968999,-0.0169992,-0.916156,-0.238686,-0.322006
1250,11250,7250,250,250,250,0,0.373662,-0.260767,0.0883689,0.961349,-0.182258,0.973389,-0.138913,-0.948041,-0.211437,-0.237722
1250,11250,7750,250,250,250,0,0.38605,-0.193748,0.146158,0.970103,-0.165718,0.969755,-0.179203,-0.966954,-0.195483,-0.163667
1250,11250,8250,250,250,250,0,0.377881,-0.104027,0.145772,0.983834,-0.158434,0.97414,-0.161088,-0.981874,-0.17263,-0.0782418
1250,11250,8750,250,250,250,0,0.438375,-0.0270982,0.155151,0.987519,-0.139493,0.977629,-0.157425,-0.989852,-0.142018,-0.00484934
1250,11250,9250,250,250,250,0,0.455779,0.0390443,0.100654,0.994155,-0.127017,0.987343,-0.094976,-0.991132,-0.122566,0.0513349
1250,11250,9750,250,250,250,0,0.455262,0.0811053,0.167189,0.982583,-0.122363,0.980044,-0.156657,-0.989166,-0.107526,0.0999445
1250,11250,10250,250,250,250,0,0.42873,0.150954,0.084205,0.984948,-0.109843,0.991624,-0.0679411,-0.982419,-0.0979337,0.158939
1250,11250,10750,250,250,250,0,0.199649,0.20347,0.131469,0.970214,-0.130262,0.985769,-0.106258,-0.970377,-0.104761,0.217699
1250,11250,11250,250,250,250,0,0.222154,0.238333,-0.0105814,0.971126,-0.0970275,0.994678,0.0346504,-0.966325,-0.102484,0.236038
1250,11250,11750,250,250,250,0,0.225825,0.340325,-0.199908,0.918812,-0.0355445,0.973706,0.225018,-0.939636,-0.109238,0.324271
1250,11250,12250,250,250,250,0,0.22705,0.366827,-0.290084,0.883906,0.0158656,0.951953,0.305831,-0.930154,-0.0981635,0.353805
1250,11250,12750,250,250,250,0,0,0.402913,-0.409219,0.818658,0.0741755,0.906133,0.416438,-0.912228,-0.107064,0.395447
1250,11750,4750,250,250,250,0,0,-0.424507,-0.43676,0.793117,-0.403691,0.875376,0.265988,-0.810449,-0.207261,-0.54792
1250,11750,5250,250,250,250,0,0,-0.443395,-0.251715,0.860256,-0.282077,0.950179,0.132639,-0.850784,-0.183847,-0.492308
1250,11750,5750,250,250,250,0,0.138508,-0.438587,-0.159432,0.884433,-0.239323,0.96932,0.0560544,-0.866236,-0.187081,-0.463288
1250,11750,6250,250,250,250,0,0.301886,-0.413497,-0.0017605,0.910504,-0.165791,0.983426,-0.0733909,-0.895284,-0.1813,-0.406935
1250,11750,6750,250,250,250,0,0.342169,-0.271655,-0.0316407,0.961874,-0.170645,0.985206,-0.0157858,-0.947145,-0.168427,-0.273035
1250,11750,7250,250,250,250,0,0.295023,-0.252292,0.155976,0.954998,-0.118206,0.974564,-0.190399,-0.960404,-0.160922,-0.227437
1250,11750,7750,250,250,250,0,0.311565,-0.157279,0.19014,0.969077,-0.125287,0.969519,-0.210561,-0.979575,-0.15453,-0.128663
1250,11750,8250,250,250,250,0,0.444644,-0.0828934,0.20318,0.975626,-0.117673,0.970151,-0.212038,-0.989587,-0.132382,-0.0565103
1250,11750,8750,250,250,250,0,0.398189,0.00719856,0.237073,0.971465,-0.114915,0.96525,-0.234705,-0.993349,-0.109947,0.0341918
1250,11750,9250,250,250,250,0,0.458978,0.0354654,0.168337,0.985091,-0.107526,0.980632,-0.163704,-0.99357,-0.100117,0.0528791
1250,11750,9750,250,250,250,0,0.458978,0.123194,0.18356,0.975259,-0.0950697,0.980407,-0.17252,-0.987818,-0.0714642,0.138231
1250,11750,10250,250,250,250,0,0.441518,0.175013,0.143104,0.974111,-0.0832362,0.987989,-0.130188,-0.981041,-0.0582967,0.184822
1250,11750,10750,250,250,250,0,0.412252,0.214403,-0.0220901,0.976495,-0.0128627,0.999594,0.0254368,-0.976661,-0.0180141,0.214032
1250,11750,11250,250,250,250,0,0.221459,0.242486,0.0648405,0.967986,-0.0506763,0.997248,-0.054106,-0.96883,-0.035934,0.245105
1250,11750,11750,250,250,250,0,0.220284,0.298256,-0.220985,0.928552,0.030758,0.974549,0.222053,-0.95399,-0.037668,0.297462
1250,11750,12250,250,250,250,0,0.191572,0.342888,-0.223307,0.912448,0.0178689,0.972709,0.23134,-0.939206,-0.0630193,0.337521
1250,11750,12750,250,250,250,0,0,0.367233,-0.257783,0.893693,0.0434884,0.964535,0.260347,-0.929112,-0.0567428,0.36542
1250,12250,4750,250,250,250,0,0,-0.498579,-0.417955,0.759429,-0.34596,0.899229,0.267766,-0.794815,-0.129229,-0.592932
1250,12250,5250,250,250,250,0,0.133017,-0.450181,-0.333239,0.828426,-0.26972,0.935165,0.229605,-0.851227,-0.120079,-0.510875
1250,12250,5750,250,250,250,0,0.134982,-0.467834,-0.152673,0.87053,-0.179134,0.980903,0.0757616,-0.865472,-0.120497,-0.486249
1250,12250,6250,250,250,250,0,0.232834,-0.377276,0.00676984,0.926076,-0.104206,0.993312,-0.0497142,-0.920219,-0.115259,-0.374048
1250,12250,6750,250,250,250,0,0.37037,-0.287876,0.0664618,0.955359,-0.0979671,0.990312,-0.0984136,-0.952644,-0.121925,-0.278576
1250,12250,7250,250,250,250,0,0.352498,-0.260911,0.281122,0.923524,-0.0518688,0.951195,-0.304199,-0.963968,-0.127271,-0.233596
1250,12250,7750,250,250,250,0,0.363852,-0.123987,0.239715,0.962893,-0.0662738,0.966214,-0.249076,-0.990068,-0.0946967,-0.103911
1250,12250,8250,250,250,250,0,0.374844,-0.0776931,0.271056,0.959423,-0.0618129,0.959171,-0.27599,-0.995059,-0.0807473,-0.0577662
1250,12250,8750,250,250,250,0,0.429724,0.00909836,0.305436,0.952169,-0.0936352,0.948285,-0.303295,-0.995565,-0.0863971,0.0372274
1250,12250,9250,250,250,250,0,0.448428,0.0542469,0.287847,0.956139,-0.0882765,0.955182,-0.282551,-0.994618,-0.0690771,0.0772258
1250,12250,9750,250,250,250,0,0.462713,0.126241,0.15245,0.980215,-0.0583381,0.987551,-0.146078,-0.990283,-0.0387428,0.133563
1250,12250,10250,250,250,250,0,0.437101,0.175096,0.167454,0.970207,-0.0574717,0.985488,-0.159719,-0.982873,-0.0277932,0.182179
1250,12250,10750,250,250,250,0,0.217876,0.218643,0.00333549,0.975799,0.00944034,0.99994,-0.00553327,-0.975759,0.0104217,0.218599
1250,12250,11250,250,250,250,0,0.224934,0.223668,-0.0892906,0.970567,0.0326948,0.995922,0.0840887,-0.974117,0.0129245,0.225675
1250,12250,11750,250,250,250,0,0.218342,0.272868,-0.210041,0.938843,0.0573226,0.977692,0.202072,-0.960342,-0.00132216,0.278821
1250,12250,12250,250,250,250,0,0.188229,0.280156,-0.443862,0.851175,0.148466,0.896049,0.418395,-0.948404,0.00915466,0.316932
1250,12250,12750,250,250,250,0,0,0.357376,-0.445088,0.821084,0.137963,0.894656,0.424921,-0.923714,-0.0385769,0.381134
1250,12750,4750,250,250,250,0,0,-0.569294,-0.363547,0.737386,-0.212878,0.931512,0.294904,-0.794095,0.0109143,-0.607696
1250,12750,5250,250,250,250,0,0.133625,-0.514062,-0.32742,0.792803,-0.216581,0.943877,0.249379,-0.829959,-0.0435098,-0.556124
1250,12750,5750,250,250,250,0,0.19289,-0.515602,-0.0837656,0.852724,-0.0827736,0.995425,0.0477342,-0.852821,-0.0459712,-0.520177
1250,12750,6250,250,250,250,0,0.193596,-0.378582,0.0388747,0.924751,-0.0364767,0.997715,-0.056875,-0.924849,-0.0552637,-0.376299
1250,12750,6750,250,250,250,0,0.419282,-0.285985,0.086295,0.95434,-0.0318998,0.994527,-0.0994882,-0.957703,-0.0588954,-0.281667
1250,12750,7250,250,250,250,0,0.40055,-0.245602,0.191471,0.950273,0.00371365,0.980477,-0.196598,-0.969364,-0.0447557,-0.241518
1250,12750,7750,250,250,250,0,0.419903,-0.140804,0.268361,0.952973,-0.0059943,0.962313,-0.271877,-0.990019,-0.0439938,-0.133889
1250,12750,8250,250,250,250,0,0.419903,-0.0478449,0.286552,0.956869,-0.0257731,0.957293,-0.287968,-0.998522,-0.0384392,-0.0384163
1250,12750,8750,250,250,250,0,0.397686,0.0203566,0.275766,0.961009,-0.0406605,0.960642,-0.274799,-0.998966,-0.0334811,0.0307682
1250,12750,9250,250,250,250,0,0.359536,0.0968984,0.232117,0.967849,-0.0272896,0.972679,-0.230543,-0.99492,-0.0040729,0.100585
1250,12750,9750,250,250,250,0,0.404424,0.150614,0.138059,0.978905,-0.0044589,0.990285,-0.138978,-0.988583,0.0165672,0.149766
1250,12750,10250,250,250,250,0,0.456201,0.21431,0.092437,0.972382,0.00128332,0.995484,-0.094916,-0.976765,0.0215894,0.213224
1250,12750,10750,250,250,250,0,0.226504,0.228535,-0.066299,0.971276,0.0424713,0.997408,0.0580896,-0.972609,0.0279759,0.230758
1250,12750,11250,250,250,250,0,0.236715,0.255941,0.0279563,0.966288,0.0251205,0.999052,-0.0355579,-0.966366,0.0333744,0.254996
1250,12750,11750,250,250,250,0,0.242635,0.261272,-0.186735,0.947031,0.0919604,0.981462,0.168154,-0.960875,0.0431555,0.273601
1250,12750,12250,250,250,250,0,0.217426,0.303714,-0.141675,0.942171,0.0789967,0.989222,0.123285,-0.949483,0.036985,0.311632
1250,12750,12750,250,250,250,0,0,0.300641,-0.377907,0.875672,0.143108,0.925628,0.350334,-0.94294,0.0199912,0.332363
1250,13250,4750,250,250,250,0,0,-0.573935,-0.389055,0.72058,-0.20757,0.920314,0.331568,-0.792157,0.0407271,-0.608956
1250,13250,5250,250,250,250,0,0.143474,-0.572882,-0.337304,0.747015,-0.167238,0.940327,0.296338,-0.802395,0.0448376,-0.595107
1250,13250,5750,250,250,250,0,0.20732,-0.481086,-0.05748,0.874787,-0.0123159,0.998193,0.0588155,-0.876587,0.0175215,-0.480924
1250,13250,6250,250,250,250,0,0.36389,-0.415189,-0.00458347,0.909724,-0.00404022,0.999987,0.00319433,-0.909726,-0.00234923,-0.415202
1250,13250,6750,250,250,250,0,0.309848,-0.293561,0.123043,0.947989,0.021981,0.992288,-0.121986,-0.955688,-0.0149727,-0.294002
1250,13250,7250,250,250,250,0,0.355127,-0.20749,0.180958,0.961354,0.0302264,0.983458,-0.178595,-0.97777,-0.00799821,-0.209527
